#!/bin/bash

BB_BIN_DIR=/home/frederic/code/UK_biobank_pipeline_v_1-master

#for SUBJ in 1009616 1011692 1036309 1115944 1122042 1203365 1211995 1215145 1286904 1304292 1372568 1384553 1444713 1524340 1577919 1617178 1657461 1703079 1750134 1868103 1913259 1948550 2078558 2113756 2140162 2588914 2623760 2763820 2801414 2856319 2959059 2992871 3108322 3168119 3247186 3274734 3350430 3413126 3442470 3472458 3555352 3559327 3628662 3657773 3810060 3819464 3862673 3914248 3923711 3959534 4024345 4078821 4098578 4104563 4168387 4198091 4250225 4267080 4273119 4384192 4460328 4552279 4608408 4616609 4690228 4719393 4785284 4849628 5005740 5063365 5067950 5107202 5147510 5217346 5230622 5236853 5240376 5295882 5332326 5354038 5406088 5407906 5438931 5447159 5464178 5500490 5581318 5664400 5752134 5765250 5787307 5798676 5807955 5825270 5863265 5874770 5893054 5896847 5983692 5984001
for SUBJ in 1009616
do
    $BB_BIN_DIR/bb_pipeline_tools/bb_GDC_half_voxel \
        --workingdir=${SUBJDIR}/fMRI/rfMRI_SBREF_GDC \
        --in=${SUBJDIR}/fMRI/rfMRI_SBREF.nii.gz \
        --out=${SUBJDIR}/fMRI/rfMRI_SBREF_ud.nii.gz \
        --owarp=${SUBJDIR}/fMRI/rfMRI_SBREF_ud_warp.nii.gz
