0
0.363945578
0.731292517
0.12244898
0.486394558
0.850340136
0.244897959
0.608843537
0
0.363945578
0.731292517
0.12244898
0.486394558
0.850340136
0.244897959
0.608843537
0
0.363945578
0.731292517
0.12244898
0.486394558
0.850340136
0.244897959
0.608843537
0
0.363945578
0.731292517
0.12244898
0.486394558
0.850340136
0.244897959
0.608843537
0
0.363945578
0.731292517
0.12244898
0.486394558
0.850340136
0.244897959
0.608163265
0
0.363945578
0.731292517
0.12244898
0.486394558
0.850340136
0.244897959
0.608843537
0
0.363945578
0.731292517
0.12244898
0.486394558
0.850340136
0.244897959
0.608843537
0
0.363945578
0.731292517
0.12244898
0.486394558
0.850340136
0.244897959
0.608843537
